start=186.896000
volume=90.000000
