start=1403.944200
volume=98.000000
fullscreen=yes
