start=1362.778078
volume=86.000000
fullscreen=yes
