start=25.173333
volume=70.000000
