start=131.756622
volume=100.000000
