start=1408.031622
volume=82.000000
fullscreen=yes
