start=1405.654244
volume=96.000000
