start=1372.834444
volume=100.000000
fullscreen=yes
