start=1399.961000
pause=yes
volume=84.000000
aid=2
sid=2
