start=1416.915500
volume=80.000000
fullscreen=yes
