start=1453.850000
pause=yes
volume=74.000000
