start=1753.918833
volume=72.000000
fullscreen=yes
