start=3714.160000
pause=yes
volume=92.000000
